function s = included_sessions()

% acc:   7/22 8/2 8/7 8/23 9/17 9/24 9/28 10/10 12/9 12/13
% ofc:   7/20 7/31 8/5 8/12 8/29 9/5 9/19 10/1 11/5 12/12
% dmpfc: 7/18 7/26 8/9 8/14 8/21 9/3 9/22 10/4 12/5 12/10

acc = { ...
    '07222019', '08022019', '08072019', '08232019', '09172019', '09242019' ...
  , '09282019', '10102019', '12092019', '12132019' ...
};

ofc = { ...
    '07202019', '07312019', '08052019', '08122019', '08292019', '09052019' ...
  , '09192019', '10012019', '11052019', '12122019' ...
};

dmpfc = { ...
    '07182019', '07262019', '08092019', '08142019', '08212019', '09032019' ...
  , '09222019', '10042019', '12052019', '12102019' ...
};

s = [ acc, ofc, dmpfc ];

end